id	y
